-0.000001 1999.961486 0.000010 0.008000
0.000499 1999.956579 0.000010 0.008000
0.000999 1999.951400 0.000010 0.008000
0.001499 1999.946048 0.000010 0.008000
0.001999 1999.940667 0.000010 0.008000
0.002499 1999.935444 0.000010 0.008000
0.002999 1999.930602 0.000010 0.008000
0.003499 1999.926360 0.000010 0.008000
0.003999 1999.922859 0.000010 0.008000
0.004499 1999.920016 0.000010 0.008000
0.005000 1999.917308 0.000010 0.008000
0.005500 1999.913554 0.000010 0.008000
0.006000 1999.907028 0.000010 0.008000
0.006500 1999.906035 0.000010 0.008000
0.007000 1999.905512 0.000010 0.008000
0.007500 1999.905896 0.000010 0.008000
0.008000 1999.907440 0.000010 0.008000
0.008500 1999.910248 0.000010 0.008000
0.009000 1999.914301 0.000010 0.008000
0.009500 1999.919485 0.000010 0.008000
0.010000 1999.925608 0.000010 0.008000
0.010500 1999.932432 0.000010 0.008000
0.011000 1999.939688 0.000010 0.008000
0.011500 1999.947098 0.000010 0.008000
0.012000 1999.954398 0.000010 0.008000
0.012500 1999.961354 0.000010 0.008000
0.013000 1999.967778 0.000010 0.008000
0.013500 1999.973563 0.000010 0.008000
0.014000 1999.978672 0.000010 0.008000
0.014500 1999.983096 0.000010 0.008000
0.015000 1999.986850 0.000010 0.008000
0.015500 1999.989969 0.000010 0.008000
0.016000 1999.992504 0.000010 0.008000
0.016500 1999.994516 0.000010 0.008000
0.017000 1999.996073 0.000010 0.008000
0.017500 1999.997249 0.000010 0.008000
0.018000 1999.998115 0.000010 0.008000
0.018500 1999.998739 0.000010 0.008000
0.019000 1999.999179 0.000010 0.008000
0.019500 1999.999483 0.000010 0.008000
0.020000 1999.999687 0.000010 0.008000
0.020500 1999.999819 0.000010 0.008000
0.021000 1999.999901 0.000010 0.008000
0.021500 1999.999949 0.000010 0.008000
0.022000 1999.999976 0.000010 0.008000
0.022500 1999.999990 0.000010 0.008000
0.023000 1999.999997 0.000010 0.008000
0.023500 1999.999999 0.000010 0.008000
0.024000 2000.000000 0.000010 0.008000
0.024500 2000.000000 0.000010 0.008000
0.025000 2000.000000 0.000010 0.008000
0.025500 2000.000000 0.000010 0.008000
0.026000 2000.000000 0.000010 0.008000
0.026500 2000.000000 0.000010 0.008000
0.027000 2000.000000 0.000010 0.008000
0.027500 2000.000000 0.000010 0.008000
0.028000 2000.000000 0.000010 0.008000
0.028500 2000.000000 0.000010 0.008000
0.029000 2000.000000 0.000010 0.008000
0.029500 2000.000000 0.000010 0.008000
0.030000 2000.000000 0.000010 0.008000
0.030500 2000.000000 0.000010 0.008000
0.031000 2000.000000 0.000010 0.008000
0.031500 2000.000000 0.000010 0.008000
0.032000 2000.000000 0.000010 0.008000
0.032500 2000.000000 0.000010 0.008000
0.033000 2000.000000 0.000010 0.008000
0.033500 2000.000000 0.000010 0.008000
0.034000 2000.000000 0.000010 0.008000
0.034500 2000.000000 0.000010 0.008000
0.035000 2000.000000 0.000010 0.008000
0.035500 2000.000000 0.000010 0.008000
0.036000 2000.000000 0.000010 0.008000
0.036500 2000.000000 0.000010 0.008000
0.037000 2000.000000 0.000010 0.008000
0.037500 2000.000000 0.000010 0.008000
0.038000 2000.000000 0.000010 0.008000
0.038500 2000.000000 0.000010 0.008000
0.039000 2000.000000 0.000010 0.008000
0.039500 2000.000000 0.000010 0.008000
0.040000 2000.000000 0.000010 0.008000
0.040500 2000.000000 0.000010 0.008000
0.041000 2000.000000 0.000010 0.008000
0.041500 2000.000000 0.000010 0.008000
0.042000 2000.000000 0.000010 0.008000
0.042500 2000.000000 0.000010 0.008000
0.043000 2000.000000 0.000010 0.008000
0.043500 2000.000000 0.000010 0.008000
0.044000 2000.000000 0.000010 0.008000
0.044500 2000.000000 0.000010 0.008000
0.045000 2000.000000 0.000010 0.008000
0.045500 2000.000000 0.000010 0.008000
0.046000 2000.000000 0.000010 0.008000
0.046500 2000.000000 0.000010 0.008000
0.047000 2000.000000 0.000010 0.008000
0.047500 2000.000000 0.000010 0.008000
0.048000 2000.000000 0.000010 0.008000
0.048500 2000.000000 0.000010 0.008000
0.049000 2000.000000 0.000010 0.008000
0.049500 2000.000000 0.000010 0.008000
0.050000 2000.000000 0.000010 0.008000
0.050500 2000.000000 0.000010 0.008000
0.051000 2000.000000 0.000010 0.008000
0.051500 2000.000000 0.000010 0.008000
0.052000 2000.000000 0.000010 0.008000
0.052500 2000.000000 0.000010 0.008000
0.053000 2000.000000 0.000010 0.008000
0.053500 2000.000000 0.000010 0.008000
0.054000 2000.000000 0.000010 0.008000
0.054500 2000.000000 0.000010 0.008000
0.055000 2000.000000 0.000010 0.008000
0.055500 2000.000000 0.000010 0.008000
0.056000 2000.000000 0.000010 0.008000
0.056500 2000.000000 0.000010 0.008000
0.057000 2000.000000 0.000010 0.008000
0.057500 2000.000000 0.000010 0.008000
0.058000 2000.000000 0.000010 0.008000
0.058500 2000.000000 0.000010 0.008000
0.059000 2000.000000 0.000010 0.008000
0.059500 2000.000000 0.000010 0.008000
0.060000 2000.000000 0.000010 0.008000
0.060500 2000.000000 0.000010 0.008000
0.061000 2000.000000 0.000010 0.008000
0.061500 2000.000000 0.000010 0.008000
0.062000 2000.000000 0.000010 0.008000
0.062500 2000.000000 0.000010 0.008000
0.063000 2000.000000 0.000010 0.008000
0.063500 2000.000000 0.000010 0.008000
0.064000 2000.000000 0.000010 0.008000
0.064500 2000.000000 0.000010 0.008000
0.065000 2000.000000 0.000010 0.008000
0.065500 2000.000000 0.000010 0.008000
0.066000 2000.000000 0.000010 0.008000
0.066500 2000.000000 0.000010 0.008000
0.067000 2000.000000 0.000010 0.008000
0.067500 2000.000000 0.000010 0.008000
0.068000 2000.000000 0.000010 0.008000
0.068500 2000.000000 0.000010 0.008000
0.069000 2000.000000 0.000010 0.008000
0.069500 2000.000000 0.000010 0.008000
0.070000 2000.000000 0.000010 0.008000
0.070500 2000.000000 0.000010 0.008000
0.071000 2000.000000 0.000010 0.008000
0.071500 2000.000000 0.000010 0.008000
0.072000 2000.000000 0.000010 0.008000
0.072500 2000.000000 0.000010 0.008000
0.073000 2000.000000 0.000010 0.008000
0.073500 2000.000000 0.000010 0.008000
0.074000 2000.000000 0.000010 0.008000
0.074500 2000.000000 0.000010 0.008000
0.075000 2000.000000 0.000010 0.008000
0.075500 2000.000000 0.000010 0.008000
0.076000 2000.000000 0.000010 0.008000
0.076500 2000.000000 0.000010 0.008000
0.077000 2000.000000 0.000010 0.008000
0.077500 2000.000000 0.000010 0.008000
0.078000 2000.000000 0.000010 0.008000
0.078500 2000.000000 0.000010 0.008000
0.079000 2000.000000 0.000010 0.008000
0.079500 2000.000000 0.000010 0.008000
0.080000 2000.000000 0.000010 0.008000
0.080500 2000.000000 0.000010 0.008000
0.081000 2000.000000 0.000010 0.008000
0.081500 2000.000000 0.000010 0.008000
0.082000 2000.000000 0.000010 0.008000
0.082500 2000.000000 0.000010 0.008000
0.083000 2000.000000 0.000010 0.008000
0.083500 2000.000000 0.000010 0.008000
0.084000 2000.000000 0.000010 0.008000
0.084500 2000.000000 0.000010 0.008000
0.085000 2000.000000 0.000010 0.008000
0.085500 2000.000000 0.000010 0.008000
0.086000 2000.000000 0.000010 0.008000
0.086500 2000.000000 0.000010 0.008000
0.087000 2000.000000 0.000010 0.008000
0.087500 2000.000000 0.000010 0.008000
0.088000 2000.000000 0.000010 0.008000
0.088500 2000.000000 0.000010 0.008000
0.089000 2000.000000 0.000010 0.008000
0.089500 2000.000000 0.000010 0.008000
0.090000 2000.000000 0.000010 0.008000
0.090500 2000.000000 0.000010 0.008000
0.091000 2000.000000 0.000010 0.008000
0.091500 2000.000000 0.000010 0.008000
0.092000 2000.000000 0.000010 0.008000
0.092500 2000.000000 0.000010 0.008000
0.093000 2000.000000 0.000010 0.008000
0.093500 2000.000000 0.000010 0.008000
0.094000 2000.000000 0.000010 0.008000
0.094500 2000.000000 0.000010 0.008000
0.095000 2000.000000 0.000010 0.008000
0.095500 2000.000000 0.000010 0.008000
0.096000 2000.000000 0.000010 0.008000
0.096500 2000.000000 0.000010 0.008000
0.097000 2000.000000 0.000010 0.008000
0.097500 2000.000000 0.000010 0.008000
0.098000 2000.000000 0.000010 0.008000
0.098500 2000.000000 0.000010 0.008000
0.099000 2000.000000 0.000010 0.008000
0.099500 2000.000000 0.000010 0.008000
0.100000 2000.000000 0.000010 0.008000
0.100500 2000.000000 0.000010 0.008000
0.101000 2000.000000 0.000010 0.008000
0.101500 2000.000000 0.000010 0.008000
0.102000 2000.000000 0.000010 0.008000
0.102500 2000.000000 0.000010 0.008000
0.103000 2000.000000 0.000010 0.008000
0.103500 2000.000000 0.000010 0.008000
0.104000 2000.000000 0.000010 0.008000
0.104500 2000.000000 0.000010 0.008000
0.105000 2000.000000 0.000010 0.008000
0.105500 2000.000000 0.000010 0.008000
0.106000 2000.000000 0.000010 0.008000
0.106500 2000.000000 0.000010 0.008000
0.107000 2000.000000 0.000010 0.008000
0.107500 2000.000000 0.000010 0.008000
0.108000 2000.000000 0.000010 0.008000
0.108500 2000.000000 0.000010 0.008000
0.109000 2000.000000 0.000010 0.008000
0.109500 2000.000000 0.000010 0.008000
0.110000 2000.000000 0.000010 0.008000
0.110500 2000.000000 0.000010 0.008000
0.111000 2000.000000 0.000010 0.008000
0.111500 2000.000000 0.000010 0.008000
0.112000 2000.000000 0.000010 0.008000
0.112500 2000.000000 0.000010 0.008000
0.113000 2000.000000 0.000010 0.008000
0.113500 2000.000000 0.000010 0.008000
0.114000 2000.000000 0.000010 0.008000
0.114500 2000.000000 0.000010 0.008000
0.115000 2000.000000 0.000010 0.008000
0.115500 2000.000000 0.000010 0.008000
0.116000 2000.000000 0.000010 0.008000
0.116500 2000.000000 0.000010 0.008000
0.117000 2000.000000 0.000010 0.008000
0.117500 2000.000000 0.000010 0.008000
0.118000 2000.000000 0.000010 0.008000
0.118500 2000.000000 0.000010 0.008000
0.119000 2000.000000 0.000010 0.008000
0.119500 2000.000000 0.000010 0.008000
0.120000 2000.000000 0.000010 0.008000
0.120500 2000.000000 0.000010 0.008000
0.121000 2000.000000 0.000010 0.008000
0.121500 2000.000000 0.000010 0.008000
0.122000 2000.000000 0.000010 0.008000
0.122500 2000.000000 0.000010 0.008000
0.123000 2000.000000 0.000010 0.008000
0.123500 2000.000000 0.000010 0.008000
0.124000 2000.000000 0.000010 0.008000
0.124500 2000.000000 0.000010 0.008000
0.125000 2000.000000 0.000010 0.008000
0.125500 2000.000000 0.000010 0.008000
0.126000 2000.000000 0.000010 0.008000
0.126500 2000.000000 0.000010 0.008000
0.127000 2000.000000 0.000010 0.008000
0.127500 2000.000000 0.000010 0.008000
0.128000 2000.000000 0.000010 0.008000
0.128500 2000.000000 0.000010 0.008000
0.129000 2000.000000 0.000010 0.008000
0.129500 2000.000000 0.000010 0.008000
0.130000 2000.000000 0.000010 0.008000
0.130500 2000.000000 0.000010 0.008000
0.131000 2000.000000 0.000010 0.008000
0.131500 2000.000000 0.000010 0.008000
0.132000 2000.000000 0.000010 0.008000
0.132500 2000.000000 0.000010 0.008000
0.133000 2000.000000 0.000010 0.008000
0.133500 2000.000000 0.000010 0.008000
0.134000 2000.000000 0.000010 0.008000
0.134500 2000.000000 0.000010 0.008000
0.135000 2000.000000 0.000010 0.008000
0.135500 2000.000000 0.000010 0.008000
0.136000 2000.000000 0.000010 0.008000
0.136500 2000.000000 0.000010 0.008000
0.137000 2000.000000 0.000010 0.008000
0.137500 2000.000000 0.000010 0.008000
0.138000 2000.000000 0.000010 0.008000
0.138500 2000.000000 0.000010 0.008000
0.139000 2000.000000 0.000010 0.008000
0.139500 2000.000000 0.000010 0.008000
0.140000 2000.000000 0.000010 0.008000
0.140500 2000.000000 0.000010 0.008000
0.141000 2000.000000 0.000010 0.008000
0.141500 2000.000000 0.000010 0.008000
0.142000 2000.000000 0.000010 0.008000
0.142500 2000.000000 0.000010 0.008000
0.143000 2000.000000 0.000010 0.008000
0.143500 2000.000000 0.000010 0.008000
0.144000 2000.000000 0.000010 0.008000
0.144500 2000.000000 0.000010 0.008000
0.145000 2000.000000 0.000010 0.008000
0.145500 2000.000000 0.000010 0.008000
0.146000 2000.000000 0.000010 0.008000
0.146500 2000.000000 0.000010 0.008000
0.147000 2000.000000 0.000010 0.008000
0.147500 2000.000000 0.000010 0.008000
0.148000 2000.000000 0.000010 0.008000
0.148500 2000.000000 0.000010 0.008000
0.149000 2000.000000 0.000010 0.008000
0.149500 2000.000000 0.000010 0.008000
0.150000 2000.000000 0.000010 0.008000
0.150500 2000.000000 0.000010 0.008000
0.151000 2000.000000 0.000010 0.008000
0.151500 2000.000000 0.000010 0.008000
0.152000 2000.000000 0.000010 0.008000
0.152500 2000.000000 0.000010 0.008000
0.153000 2000.000000 0.000010 0.008000
0.153500 2000.000000 0.000010 0.008000
0.154000 2000.000000 0.000010 0.008000
0.154500 2000.000000 0.000010 0.008000
0.155000 2000.000000 0.000010 0.008000
0.155500 2000.000000 0.000010 0.008000
0.156000 2000.000000 0.000010 0.008000
0.156500 2000.000000 0.000010 0.008000
0.157000 2000.000000 0.000010 0.008000
0.157500 2000.000000 0.000010 0.008000
0.158000 2000.000000 0.000010 0.008000
0.158500 2000.000000 0.000010 0.008000
0.159000 2000.000000 0.000010 0.008000
0.159500 2000.000000 0.000010 0.008000
0.160000 2000.000000 0.000010 0.008000
0.160500 2000.000000 0.000010 0.008000
0.161000 2000.000000 0.000010 0.008000
0.161500 2000.000000 0.000010 0.008000
0.162000 2000.000000 0.000010 0.008000
0.162500 2000.000000 0.000010 0.008000
0.163000 2000.000000 0.000010 0.008000
0.163500 2000.000000 0.000010 0.008000
0.164000 2000.000000 0.000010 0.008000
0.164500 2000.000000 0.000010 0.008000
0.165000 2000.000000 0.000010 0.008000
0.165500 2000.000000 0.000010 0.008000
0.166000 2000.000000 0.000010 0.008000
0.166500 2000.000000 0.000010 0.008000
0.167000 2000.000000 0.000010 0.008000
0.167500 2000.000000 0.000010 0.008000
0.168000 2000.000000 0.000010 0.008000
0.168500 2000.000000 0.000010 0.008000
0.169000 2000.000000 0.000010 0.008000
0.169500 2000.000000 0.000010 0.008000
0.170000 2000.000000 0.000010 0.008000
0.170500 2000.000000 0.000010 0.008000
0.171000 2000.000000 0.000010 0.008000
0.171500 2000.000000 0.000010 0.008000
0.172000 2000.000000 0.000010 0.008000
0.172500 2000.000000 0.000010 0.008000
0.173000 2000.000000 0.000010 0.008000
0.173500 2000.000000 0.000010 0.008000
0.174000 2000.000000 0.000010 0.008000
0.174500 2000.000000 0.000010 0.008000
0.175000 2000.000000 0.000010 0.008000
0.175500 2000.000000 0.000010 0.008000
0.176000 2000.000000 0.000010 0.008000
0.176500 2000.000000 0.000010 0.008000
0.177000 2000.000000 0.000010 0.008000
0.177500 2000.000000 0.000010 0.008000
0.178000 2000.000000 0.000010 0.008000
0.178500 2000.000000 0.000010 0.008000
0.179000 2000.000000 0.000010 0.008000
0.179500 2000.000000 0.000010 0.008000
0.180000 2000.000000 0.000010 0.008000
0.180500 2000.000000 0.000010 0.008000
0.181000 2000.000000 0.000010 0.008000
0.181500 2000.000000 0.000010 0.008000
0.182000 2000.000000 0.000010 0.008000
0.182500 2000.000000 0.000010 0.008000
0.183000 2000.000000 0.000010 0.008000
0.183500 2000.000000 0.000010 0.008000
0.184000 2000.000000 0.000010 0.008000
0.184500 2000.000000 0.000010 0.008000
0.185000 2000.000000 0.000010 0.008000
0.185500 2000.000000 0.000010 0.008000
0.186000 2000.000000 0.000010 0.008000
0.186500 2000.000000 0.000010 0.008000
0.187000 2000.000000 0.000010 0.008000
0.187500 2000.000000 0.000010 0.008000
0.188000 2000.000000 0.000010 0.008000
0.188500 2000.000000 0.000010 0.008000
0.189000 2000.000000 0.000010 0.008000
0.189500 2000.000000 0.000010 0.008000
0.190000 2000.000000 0.000010 0.008000
0.190500 2000.000000 0.000010 0.008000
0.191000 2000.000000 0.000010 0.008000
0.191500 2000.000000 0.000010 0.008000
0.192000 2000.000000 0.000010 0.008000
0.192500 2000.000000 0.000010 0.008000
0.193000 2000.000000 0.000010 0.008000
0.193500 2000.000000 0.000010 0.008000
0.194000 2000.000000 0.000010 0.008000
0.194500 2000.000000 0.000010 0.008000
0.195000 2000.000000 0.000010 0.008000
0.195500 2000.000000 0.000010 0.008000
0.196000 2000.000000 0.000010 0.008000
0.196500 2000.000000 0.000010 0.008000
0.197000 2000.000000 0.000010 0.008000
0.197500 2000.000000 0.000010 0.008000
0.198000 2000.000000 0.000010 0.008000
0.198500 2000.000000 0.000010 0.008000
0.199000 2000.000000 0.000010 0.008000
0.199500 2000.000000 0.000010 0.008000
0.200000 2000.000000 0.000010 0.008000
0.200500 2000.000000 0.000010 0.008000
0.201000 2000.000000 0.000010 0.008000
0.201500 2000.000000 0.000010 0.008000
0.202000 2000.000000 0.000010 0.008000
0.202500 2000.000000 0.000010 0.008000
0.203000 2000.000000 0.000010 0.008000
0.203500 2000.000000 0.000010 0.008000
0.204000 2000.000000 0.000010 0.008000
0.204500 2000.000000 0.000010 0.008000
0.205000 2000.000000 0.000010 0.008000
0.205500 2000.000000 0.000010 0.008000
0.206000 2000.000000 0.000010 0.008000
0.206500 2000.000000 0.000010 0.008000
0.207000 2000.000000 0.000010 0.008000
0.207500 2000.000000 0.000010 0.008000
0.208000 2000.000000 0.000010 0.008000
0.208500 2000.000000 0.000010 0.008000
0.209000 2000.000000 0.000010 0.008000
0.209500 2000.000000 0.000010 0.008000
0.210000 2000.000000 0.000010 0.008000
0.210500 2000.000000 0.000010 0.008000
0.211000 2000.000000 0.000010 0.008000
0.211500 2000.000000 0.000010 0.008000
0.212000 2000.000000 0.000010 0.008000
0.212500 2000.000000 0.000010 0.008000
0.213000 2000.000000 0.000010 0.008000
0.213500 2000.000000 0.000010 0.008000
0.214000 2000.000000 0.000010 0.008000
0.214500 2000.000000 0.000010 0.008000
0.215000 2000.000000 0.000010 0.008000
0.215500 2000.000000 0.000010 0.008000
0.216000 2000.000000 0.000010 0.008000
0.216500 2000.000000 0.000010 0.008000
0.217000 2000.000000 0.000010 0.008000
0.217500 2000.000000 0.000010 0.008000
0.218000 2000.000000 0.000010 0.008000
0.218500 2000.000000 0.000010 0.008000
0.219000 2000.000000 0.000010 0.008000
0.219500 2000.000000 0.000010 0.008000
0.220000 2000.000000 0.000010 0.008000
0.220500 2000.000000 0.000010 0.008000
0.221000 2000.000000 0.000010 0.008000
0.221500 2000.000000 0.000010 0.008000
0.222000 2000.000000 0.000010 0.008000
0.222500 2000.000000 0.000010 0.008000
0.223000 2000.000000 0.000010 0.008000
0.223500 2000.000000 0.000010 0.008000
0.224000 2000.000000 0.000010 0.008000
0.224500 2000.000000 0.000010 0.008000
0.225000 2000.000000 0.000010 0.008000
0.225500 2000.000000 0.000010 0.008000
0.226000 2000.000000 0.000010 0.008000
0.226500 2000.000000 0.000010 0.008000
0.227000 2000.000000 0.000010 0.008000
0.227500 2000.000000 0.000010 0.008000
0.228000 2000.000000 0.000010 0.008000
0.228500 2000.000000 0.000010 0.008000
0.229000 2000.000000 0.000010 0.008000
0.229500 2000.000000 0.000010 0.008000
0.230000 2000.000000 0.000010 0.008000
0.230500 2000.000000 0.000010 0.008000
0.231000 2000.000000 0.000010 0.008000
0.231500 2000.000000 0.000010 0.008000
0.232000 2000.000000 0.000010 0.008000
0.232500 2000.000000 0.000010 0.008000
0.233000 2000.000000 0.000010 0.008000
0.233500 2000.000000 0.000010 0.008000
0.234000 2000.000000 0.000010 0.008000
0.234500 2000.000000 0.000010 0.008000
0.235000 2000.000000 0.000010 0.008000
0.235500 2000.000000 0.000010 0.008000
0.236000 2000.000000 0.000010 0.008000
0.236500 2000.000000 0.000010 0.008000
0.237000 2000.000000 0.000010 0.008000
0.237500 2000.000000 0.000010 0.008000
0.238000 2000.000000 0.000010 0.008000
0.238500 2000.000000 0.000010 0.008000
0.239000 2000.000000 0.000010 0.008000
0.239500 2000.000000 0.000010 0.008000
0.240000 2000.000000 0.000010 0.008000
0.240500 2000.000000 0.000010 0.008000
0.241000 2000.000000 0.000010 0.008000
0.241500 2000.000000 0.000010 0.008000
0.242000 2000.000000 0.000010 0.008000
0.242500 2000.000000 0.000010 0.008000
0.243000 2000.000000 0.000010 0.008000
0.243500 2000.000000 0.000010 0.008000
0.244000 2000.000000 0.000010 0.008000
0.244500 2000.000000 0.000010 0.008000
0.245000 2000.000000 0.000010 0.008000
0.245500 2000.000000 0.000010 0.008000
0.246000 2000.000000 0.000010 0.008000
0.246500 2000.000000 0.000010 0.008000
0.247000 2000.000000 0.000010 0.008000
0.247500 2000.000000 0.000010 0.008000
0.248000 2000.000000 0.000010 0.008000
0.248500 2000.000000 0.000010 0.008000
0.249000 2000.000000 0.000010 0.008000
0.249500 2000.000000 0.000010 0.008000
0.250000 2000.000000 0.000010 0.008000
0.250500 2000.000000 0.000010 0.008000
0.251000 2000.000000 0.000010 0.008000
0.251500 2000.000000 0.000010 0.008000
0.252000 2000.000000 0.000010 0.008000
0.252500 2000.000000 0.000010 0.008000
0.253000 2000.000000 0.000010 0.008000
0.253500 2000.000000 0.000010 0.008000
0.254000 2000.000000 0.000010 0.008000
0.254500 2000.000000 0.000010 0.008000
0.255000 2000.000000 0.000010 0.008000
0.255500 2000.000000 0.000010 0.008000
0.256000 2000.000000 0.000010 0.008000
0.256500 2000.000000 0.000010 0.008000
0.257000 2000.000000 0.000010 0.008000
0.257500 2000.000000 0.000010 0.008000
0.258000 2000.000000 0.000010 0.008000
0.258500 2000.000000 0.000010 0.008000
0.259000 2000.000000 0.000010 0.008000
0.259500 2000.000000 0.000010 0.008000
0.260000 2000.000000 0.000010 0.008000
0.260500 2000.000000 0.000010 0.008000
0.261000 2000.000000 0.000010 0.008000
0.261500 2000.000000 0.000010 0.008000
0.262000 2000.000000 0.000010 0.008000
0.262500 2000.000000 0.000010 0.008000
0.263000 2000.000000 0.000010 0.008000
0.263500 2000.000000 0.000010 0.008000
0.264000 2000.000000 0.000010 0.008000
0.264500 2000.000000 0.000010 0.008000
0.265000 2000.000000 0.000010 0.008000
0.265500 2000.000000 0.000010 0.008000
0.266000 2000.000000 0.000010 0.008000
0.266500 2000.000000 0.000010 0.008000
0.267000 2000.000000 0.000010 0.008000
0.267500 2000.000000 0.000010 0.008000
0.268000 2000.000000 0.000010 0.008000
0.268500 2000.000000 0.000010 0.008000
0.269000 2000.000000 0.000010 0.008000
0.269500 2000.000000 0.000010 0.008000
0.270000 2000.000000 0.000010 0.008000
0.270500 2000.000000 0.000010 0.008000
0.271000 2000.000000 0.000010 0.008000
0.271500 2000.000000 0.000010 0.008000
0.272000 2000.000000 0.000010 0.008000
0.272500 2000.000000 0.000010 0.008000
0.273000 2000.000000 0.000010 0.008000
0.273500 2000.000000 0.000010 0.008000
0.274000 2000.000000 0.000010 0.008000
0.274500 2000.000000 0.000010 0.008000
0.275000 2000.000000 0.000010 0.008000
0.275500 2000.000000 0.000010 0.008000
0.276000 2000.000000 0.000010 0.008000
0.276500 2000.000000 0.000010 0.008000
0.277000 2000.000000 0.000010 0.008000
0.277500 2000.000000 0.000010 0.008000
0.278000 2000.000000 0.000010 0.008000
0.278500 2000.000000 0.000010 0.008000
0.279000 2000.000000 0.000010 0.008000
0.279500 2000.000000 0.000010 0.008000
0.280000 2000.000000 0.000010 0.008000
0.280500 2000.000000 0.000010 0.008000
0.281000 2000.000000 0.000010 0.008000
0.281500 2000.000000 0.000010 0.008000
0.282000 2000.000000 0.000010 0.008000
0.282500 2000.000000 0.000010 0.008000
0.283000 2000.000000 0.000010 0.008000
0.283500 2000.000000 0.000010 0.008000
0.284000 2000.000000 0.000010 0.008000
0.284500 2000.000000 0.000010 0.008000
0.285000 2000.000000 0.000010 0.008000
0.285500 2000.000000 0.000010 0.008000
0.286000 2000.000000 0.000010 0.008000
0.286500 2000.000000 0.000010 0.008000
0.287000 2000.000000 0.000010 0.008000
0.287500 2000.000000 0.000010 0.008000
0.288000 2000.000000 0.000010 0.008000
0.288500 2000.000000 0.000010 0.008000
0.289000 2000.000000 0.000010 0.008000
0.289500 2000.000000 0.000010 0.008000
0.290000 2000.000000 0.000010 0.008000
0.290500 2000.000000 0.000010 0.008000
0.291000 2000.000000 0.000010 0.008000
0.291500 2000.000000 0.000010 0.008000
0.292000 2000.000000 0.000010 0.008000
0.292500 2000.000000 0.000010 0.008000
0.293000 2000.000000 0.000010 0.008000
0.293500 2000.000000 0.000010 0.008000
0.294000 2000.000000 0.000010 0.008000
0.294500 2000.000000 0.000010 0.008000
0.295000 2000.000000 0.000010 0.008000
0.295500 2000.000000 0.000010 0.008000
0.296000 2000.000000 0.000010 0.008000
0.296500 2000.000000 0.000010 0.008000
0.297000 2000.000000 0.000010 0.008000
0.297500 2000.000000 0.000010 0.008000
0.298000 2000.000000 0.000010 0.008000
0.298500 2000.000000 0.000010 0.008000
0.299000 2000.000000 0.000010 0.008000
0.299500 2000.000000 0.000010 0.008000
0.300000 2000.000000 0.000010 0.008000
0.300500 2000.000000 0.000010 0.008000
0.301000 2000.000000 0.000010 0.008000
0.301500 2000.000000 0.000010 0.008000
0.302000 2000.000000 0.000010 0.008000
0.302500 2000.000000 0.000010 0.008000
0.303000 2000.000000 0.000010 0.008000
0.303500 2000.000000 0.000010 0.008000
0.304000 2000.000000 0.000010 0.008000
0.304500 2000.000000 0.000010 0.008000
0.305000 2000.000000 0.000010 0.008000
0.305500 2000.000000 0.000010 0.008000
0.306000 2000.000000 0.000010 0.008000
0.306500 2000.000000 0.000010 0.008000
0.307000 2000.000000 0.000010 0.008000
0.307500 2000.000000 0.000010 0.008000
0.308000 2000.000000 0.000010 0.008000
0.308500 2000.000000 0.000010 0.008000
0.309000 2000.000000 0.000010 0.008000
0.309500 2000.000000 0.000010 0.008000
0.310000 2000.000000 0.000010 0.008000
0.310500 2000.000000 0.000010 0.008000
0.311000 2000.000000 0.000010 0.008000
0.311500 2000.000000 0.000010 0.008000
0.312000 2000.000000 0.000010 0.008000
0.312500 2000.000000 0.000010 0.008000
0.313000 2000.000000 0.000010 0.008000
0.313500 2000.000000 0.000010 0.008000
0.314000 2000.000000 0.000010 0.008000
0.314500 2000.000000 0.000010 0.008000
0.315000 2000.000000 0.000010 0.008000
0.315500 2000.000000 0.000010 0.008000
0.316000 2000.000000 0.000010 0.008000
0.316500 2000.000000 0.000010 0.008000
0.317000 2000.000000 0.000010 0.008000
0.317500 2000.000000 0.000010 0.008000
0.318000 2000.000000 0.000010 0.008000
0.318500 2000.000000 0.000010 0.008000
0.319000 2000.000000 0.000010 0.008000
0.319500 2000.000000 0.000010 0.008000
0.320000 2000.000000 0.000010 0.008000
0.320500 2000.000000 0.000010 0.008000
0.321000 2000.000000 0.000010 0.008000
0.321500 2000.000000 0.000010 0.008000
0.322000 2000.000000 0.000010 0.008000
0.322500 2000.000000 0.000010 0.008000
0.323000 2000.000000 0.000010 0.008000
0.323500 2000.000000 0.000010 0.008000
0.324000 2000.000000 0.000010 0.008000
0.324500 2000.000000 0.000010 0.008000
0.325000 2000.000000 0.000010 0.008000
0.325500 2000.000000 0.000010 0.008000
0.326000 2000.000000 0.000010 0.008000
0.326500 2000.000000 0.000010 0.008000
0.327000 2000.000000 0.000010 0.008000
0.327500 2000.000000 0.000010 0.008000
0.328000 2000.000000 0.000010 0.008000
0.328500 2000.000000 0.000010 0.008000
0.329000 2000.000000 0.000010 0.008000
0.329500 2000.000000 0.000010 0.008000
0.330000 2000.000000 0.000010 0.008000
0.330500 2000.000000 0.000010 0.008000
0.331000 2000.000000 0.000010 0.008000
0.331500 2000.000000 0.000010 0.008000
0.332000 2000.000000 0.000010 0.008000
0.332500 2000.000000 0.000010 0.008000
0.333000 2000.000000 0.000010 0.008000
0.333500 2000.000000 0.000010 0.008000
0.334000 2000.000000 0.000010 0.008000
0.334500 2000.000000 0.000010 0.008000
0.335000 2000.000000 0.000010 0.008000
0.335500 2000.000000 0.000010 0.008000
0.336000 2000.000000 0.000010 0.008000
0.336500 2000.000000 0.000010 0.008000
0.337000 2000.000000 0.000010 0.008000
0.337500 2000.000000 0.000010 0.008000
0.338000 2000.000000 0.000010 0.008000
0.338500 2000.000000 0.000010 0.008000
0.339000 2000.000000 0.000010 0.008000
0.339500 2000.000000 0.000010 0.008000
0.340000 2000.000000 0.000010 0.008000
0.340500 2000.000000 0.000010 0.008000
0.341000 2000.000000 0.000010 0.008000
0.341500 2000.000000 0.000010 0.008000
0.342000 2000.000000 0.000010 0.008000
0.342500 2000.000000 0.000010 0.008000
0.343000 2000.000000 0.000010 0.008000
0.343500 2000.000000 0.000010 0.008000
0.344000 2000.000000 0.000010 0.008000
0.344500 2000.000000 0.000010 0.008000
0.345000 2000.000000 0.000010 0.008000
0.345500 2000.000000 0.000010 0.008000
0.346000 2000.000000 0.000010 0.008000
0.346500 2000.000000 0.000010 0.008000
0.347000 2000.000000 0.000010 0.008000
0.347500 2000.000000 0.000010 0.008000
0.348000 2000.000000 0.000010 0.008000
0.348500 2000.000000 0.000010 0.008000
0.349000 2000.000000 0.000010 0.008000
0.349500 2000.000000 0.000010 0.008000
0.350000 2000.000000 0.000010 0.008000
0.350500 2000.000000 0.000010 0.008000
0.351000 2000.000000 0.000010 0.008000
0.351500 2000.000000 0.000010 0.008000
0.352000 2000.000000 0.000010 0.008000
0.352500 2000.000000 0.000010 0.008000
0.353000 2000.000000 0.000010 0.008000
0.353500 2000.000000 0.000010 0.008000
0.354000 2000.000000 0.000010 0.008000
0.354500 2000.000000 0.000010 0.008000
0.355000 2000.000000 0.000010 0.008000
0.355500 2000.000000 0.000010 0.008000
0.356000 2000.000000 0.000010 0.008000
0.356500 2000.000000 0.000010 0.008000
0.357000 2000.000000 0.000010 0.008000
0.357500 2000.000000 0.000010 0.008000
0.358000 2000.000000 0.000010 0.008000
0.358500 2000.000000 0.000010 0.008000
0.359000 2000.000000 0.000010 0.008000
0.359500 2000.000000 0.000010 0.008000
0.360000 2000.000000 0.000010 0.008000
0.360500 2000.000000 0.000010 0.008000
0.361000 2000.000000 0.000010 0.008000
0.361500 2000.000000 0.000010 0.008000
0.362000 2000.000000 0.000010 0.008000
0.362500 2000.000000 0.000010 0.008000
0.363000 2000.000000 0.000010 0.008000
0.363500 2000.000000 0.000010 0.008000
0.364000 2000.000000 0.000010 0.008000
0.364500 2000.000000 0.000010 0.008000
0.365000 2000.000000 0.000010 0.008000
0.365500 2000.000000 0.000010 0.008000
0.366000 2000.000000 0.000010 0.008000
0.366500 2000.000000 0.000010 0.008000
0.367000 2000.000000 0.000010 0.008000
0.367500 2000.000000 0.000010 0.008000
0.368000 2000.000000 0.000010 0.008000
0.368500 2000.000000 0.000010 0.008000
0.369000 2000.000000 0.000010 0.008000
0.369500 2000.000000 0.000010 0.008000
0.370000 2000.000000 0.000010 0.008000
0.370500 2000.000000 0.000010 0.008000
0.371000 2000.000000 0.000010 0.008000
0.371500 2000.000000 0.000010 0.008000
0.372000 2000.000000 0.000010 0.008000
0.372500 2000.000000 0.000010 0.008000
0.373000 2000.000000 0.000010 0.008000
0.373500 2000.000000 0.000010 0.008000
0.374000 2000.000000 0.000010 0.008000
0.374500 2000.000000 0.000010 0.008000
0.375000 2000.000000 0.000010 0.008000
0.375500 2000.000000 0.000010 0.008000
0.376000 2000.000000 0.000010 0.008000
0.376500 2000.000000 0.000010 0.008000
0.377000 2000.000000 0.000010 0.008000
0.377500 2000.000000 0.000010 0.008000
0.378000 2000.000000 0.000010 0.008000
0.378500 2000.000000 0.000010 0.008000
0.379000 2000.000000 0.000010 0.008000
0.379500 2000.000000 0.000010 0.008000
0.380000 2000.000000 0.000010 0.008000
0.380500 2000.000000 0.000010 0.008000
0.381000 2000.000000 0.000010 0.008000
0.381500 2000.000000 0.000010 0.008000
0.382000 2000.000000 0.000010 0.008000
0.382500 2000.000000 0.000010 0.008000
0.383000 2000.000000 0.000010 0.008000
0.383500 2000.000000 0.000010 0.008000
0.384000 2000.000000 0.000010 0.008000
0.384500 2000.000000 0.000010 0.008000
0.385000 2000.000000 0.000010 0.008000
0.385500 2000.000000 0.000010 0.008000
0.386000 2000.000000 0.000010 0.008000
0.386500 2000.000000 0.000010 0.008000
0.387000 2000.000000 0.000010 0.008000
0.387500 2000.000000 0.000010 0.008000
0.388000 2000.000000 0.000010 0.008000
0.388500 2000.000000 0.000010 0.008000
0.389000 2000.000000 0.000010 0.008000
0.389500 2000.000000 0.000010 0.008000
0.390000 2000.000000 0.000010 0.008000
0.390500 2000.000000 0.000010 0.008000
0.391000 2000.000000 0.000010 0.008000
0.391500 2000.000000 0.000010 0.008000
0.392000 2000.000000 0.000010 0.008000
0.392500 2000.000000 0.000010 0.008000
0.393000 2000.000000 0.000010 0.008000
0.393500 2000.000000 0.000010 0.008000
0.394000 2000.000000 0.000010 0.008000
0.394500 2000.000000 0.000010 0.008000
0.395000 2000.000000 0.000010 0.008000
0.395500 2000.000000 0.000010 0.008000
0.396000 2000.000000 0.000010 0.008000
0.396500 2000.000000 0.000010 0.008000
0.397000 2000.000000 0.000010 0.008000
0.397500 2000.000000 0.000010 0.008000
0.398000 2000.000000 0.000010 0.008000
0.398500 2000.000000 0.000010 0.008000
0.399000 2000.000000 0.000010 0.008000
0.399500 2000.000000 0.000010 0.008000
0.400000 2000.000000 0.000010 0.008000
0.400500 2000.000000 0.000010 0.008000
0.401000 2000.000000 0.000010 0.008000
0.401500 2000.000000 0.000010 0.008000
0.402000 2000.000000 0.000010 0.008000
0.402500 2000.000000 0.000010 0.008000
0.403000 2000.000000 0.000010 0.008000
0.403500 2000.000000 0.000010 0.008000
0.404000 2000.000000 0.000010 0.008000
0.404500 2000.000000 0.000010 0.008000
0.405000 2000.000000 0.000010 0.008000
0.405500 2000.000000 0.000010 0.008000
0.406000 2000.000000 0.000010 0.008000
0.406500 2000.000000 0.000010 0.008000
0.407000 2000.000000 0.000010 0.008000
0.407500 2000.000000 0.000010 0.008000
0.408000 2000.000000 0.000010 0.008000
0.408500 2000.000000 0.000010 0.008000
0.409000 2000.000000 0.000010 0.008000
0.409500 2000.000000 0.000010 0.008000
0.410000 2000.000000 0.000010 0.008000
0.410500 2000.000000 0.000010 0.008000
0.411000 2000.000000 0.000010 0.008000
0.411500 2000.000000 0.000010 0.008000
0.412000 2000.000000 0.000010 0.008000
0.412500 2000.000000 0.000010 0.008000
0.413000 2000.000000 0.000010 0.008000
0.413500 2000.000000 0.000010 0.008000
0.414000 2000.000000 0.000010 0.008000
0.414500 2000.000000 0.000010 0.008000
0.415000 2000.000000 0.000010 0.008000
0.415500 2000.000000 0.000010 0.008000
0.416000 2000.000000 0.000010 0.008000
0.416500 2000.000000 0.000010 0.008000
0.417000 2000.000000 0.000010 0.008000
0.417500 2000.000000 0.000010 0.008000
0.418000 2000.000000 0.000010 0.008000
0.418500 2000.000000 0.000010 0.008000
0.419000 2000.000000 0.000010 0.008000
0.419500 2000.000000 0.000010 0.008000
0.420000 2000.000000 0.000010 0.008000
0.420500 2000.000000 0.000010 0.008000
0.421000 2000.000000 0.000010 0.008000
0.421500 2000.000000 0.000010 0.008000
0.422000 2000.000000 0.000010 0.008000
0.422500 2000.000000 0.000010 0.008000
0.423000 2000.000000 0.000010 0.008000
0.423500 2000.000000 0.000010 0.008000
0.424000 2000.000000 0.000010 0.008000
0.424500 2000.000000 0.000010 0.008000
0.425000 2000.000000 0.000010 0.008000
0.425500 2000.000000 0.000010 0.008000
0.426000 2000.000000 0.000010 0.008000
0.426500 2000.000000 0.000010 0.008000
0.427000 2000.000000 0.000010 0.008000
0.427500 2000.000000 0.000010 0.008000
0.428000 2000.000000 0.000010 0.008000
0.428500 2000.000000 0.000010 0.008000
0.429000 2000.000000 0.000010 0.008000
0.429500 2000.000000 0.000010 0.008000
0.430000 2000.000000 0.000010 0.008000
0.430500 2000.000000 0.000010 0.008000
0.431000 2000.000000 0.000010 0.008000
0.431500 2000.000000 0.000010 0.008000
0.432000 2000.000000 0.000010 0.008000
0.432500 2000.000000 0.000010 0.008000
0.433000 2000.000000 0.000010 0.008000
0.433500 2000.000000 0.000010 0.008000
0.434000 2000.000000 0.000010 0.008000
0.434500 2000.000000 0.000010 0.008000
0.435000 2000.000000 0.000010 0.008000
0.435500 2000.000000 0.000010 0.008000
0.436000 2000.000000 0.000010 0.008000
0.436500 2000.000000 0.000010 0.008000
0.437000 2000.000000 0.000010 0.008000
0.437500 2000.000000 0.000010 0.008000
0.438000 2000.000000 0.000010 0.008000
0.438500 2000.000000 0.000010 0.008000
0.439000 2000.000000 0.000010 0.008000
0.439500 2000.000000 0.000010 0.008000
0.440000 2000.000000 0.000010 0.008000
0.440500 2000.000000 0.000010 0.008000
0.441000 2000.000000 0.000010 0.008000
0.441500 2000.000000 0.000010 0.008000
0.442000 2000.000000 0.000010 0.008000
0.442500 2000.000000 0.000010 0.008000
0.443000 2000.000000 0.000010 0.008000
0.443500 2000.000000 0.000010 0.008000
0.444000 2000.000000 0.000010 0.008000
0.444500 2000.000000 0.000010 0.008000
0.445000 2000.000000 0.000010 0.008000
0.445500 2000.000000 0.000010 0.008000
0.446000 2000.000000 0.000010 0.008000
0.446500 2000.000000 0.000010 0.008000
0.447000 2000.000000 0.000010 0.008000
0.447500 2000.000000 0.000010 0.008000
0.448000 2000.000000 0.000010 0.008000
0.448500 2000.000000 0.000010 0.008000
0.449000 2000.000000 0.000010 0.008000
0.449500 2000.000000 0.000010 0.008000
0.450000 2000.000000 0.000010 0.008000
0.450500 2000.000000 0.000010 0.008000
0.451000 2000.000000 0.000010 0.008000
0.451500 2000.000000 0.000010 0.008000
0.452000 2000.000000 0.000010 0.008000
0.452500 2000.000000 0.000010 0.008000
0.453000 2000.000000 0.000010 0.008000
0.453500 2000.000000 0.000010 0.008000
0.454000 2000.000000 0.000010 0.008000
0.454500 2000.000000 0.000010 0.008000
0.455000 2000.000000 0.000010 0.008000
0.455500 2000.000000 0.000010 0.008000
0.456000 2000.000000 0.000010 0.008000
0.456500 2000.000000 0.000010 0.008000
0.457000 2000.000000 0.000010 0.008000
0.457500 2000.000000 0.000010 0.008000
0.458000 2000.000000 0.000010 0.008000
0.458500 2000.000000 0.000010 0.008000
0.459000 1999.999999 0.000010 0.008000
0.459500 1999.999999 0.000010 0.008000
0.460000 1999.999998 0.000010 0.008000
0.460500 1999.999997 0.000010 0.008000
0.461000 1999.999996 0.000010 0.008000
0.461500 1999.999994 0.000010 0.008000
0.462000 1999.999991 0.000010 0.008000
0.462500 1999.999987 0.000010 0.008000
0.463000 1999.999980 0.000010 0.008000
0.463500 1999.999972 0.000010 0.008000
0.464000 1999.999961 0.000010 0.008000
0.464500 1999.999946 0.000010 0.008000
0.465000 1999.999926 0.000010 0.008000
0.465500 1999.999900 0.000010 0.008000
0.466000 1999.999867 0.000010 0.008000
0.466500 1999.999826 0.000010 0.008000
0.467000 1999.999776 0.000010 0.008000
0.467500 1999.999714 0.000010 0.008000
0.468000 1999.999642 0.000010 0.008000
0.468500 1999.999557 0.000010 0.008000
0.469000 1999.999460 0.000010 0.008000
0.469500 1999.999353 0.000010 0.008000
0.470000 1999.999237 0.000010 0.008000
0.470500 1999.999115 0.000010 0.008000
0.471000 1999.998992 0.000010 0.008000
0.471500 1999.998873 0.000010 0.008000
0.472000 1999.998765 0.000010 0.008000
0.472500 1999.998679 0.000010 0.008000
0.473000 1999.998624 0.000010 0.008000
0.473500 1999.998613 0.000010 0.008000
0.474000 1999.998661 0.000010 0.008000
0.474500 1999.998780 0.000010 0.008000
0.475000 1999.999333 0.000010 0.008000
0.475500 2000.002641 0.000010 0.008000
0.476000 2000.016678 0.000010 0.008000
0.476500 2000.061656 0.000010 0.008000
0.477000 2000.181268 0.000010 0.008000
0.477500 2000.469353 0.000010 0.008000
0.478000 2001.158408 0.000010 0.008000
0.478500 2002.757293 0.000010 0.008000
0.479000 2005.904562 0.000010 0.008000
0.479500 2011.255971 0.000010 0.008000
0.480000 2019.457870 0.000010 0.008000
0.480500 2031.136593 0.000010 0.008000
0.481000 2046.736413 0.000010 0.008000
0.481500 2066.341034 0.000010 0.008000
0.482000 2089.968421 0.000010 0.008000
0.482500 2117.653333 0.000010 0.008000
0.483000 2149.618398 0.000010 0.008000
0.483500 2186.212048 0.000010 0.008000
0.484000 2230.669658 0.000010 0.008000
0.484500 2283.288011 0.000010 0.008000
0.485000 2342.676823 0.000011 0.008000
0.485500 2411.639310 0.000011 0.008000
0.486000 2491.009181 0.000011 0.008000
0.486500 2585.521343 0.000011 0.008000
0.487000 2695.001896 0.000011 0.008000
0.487495 2808.457336 0.000011 0.008000
0.487974 2905.399162 0.000011 0.008000
0.488426 2967.542644 0.000011 0.008000
0.488843 2996.368743 0.000008 0.008000
0.489219 2996.082441 -0.000002 0.008000
0.489546 2968.106168 -0.000028 0.008000
0.489819 2926.792041 -0.000089 0.008000
0.490040 2892.663084 -0.000211 0.008000
0.490184 2855.716241 -0.000433 0.008000
0.490336 2809.372780 -0.000775 0.008000
0.490442 2771.606213 -0.001326 0.008000
0.490526 2765.826776 -0.001876 0.008000
0.490565 2754.407211 -0.002668 0.008000
0.490597 2740.956076 -0.003667 0.008000
0.490665 2719.787093 -0.004863 0.008000
0.490799 2682.444834 -0.006261 0.008000
0.491020 2626.916205 -0.007826 0.008000
0.491345 2548.862823 -0.009438 0.008000
0.491799 2427.218389 -0.011083 0.008000
0.492411 2257.417543 -0.012310 0.008000
0.493212 2028.627768 -0.012529 0.008000
0.494220 1758.818632 -0.010722 0.008000
0.495423 1474.369048 -0.007306 0.008000
0.496795 1218.787757 -0.003691 0.008000
0.498321 1046.853828 -0.001014 0.008000
0.500000 1001.915655 0.801178 800.000000
0.501679 1046.853828 -0.001014 0.008000
0.503205 1218.787757 -0.003691 0.008000
0.504577 1474.369048 -0.007306 0.008000
0.505780 1758.818632 -0.010722 0.008000
0.506788 2028.627768 -0.012529 0.008000
0.507589 2257.417543 -0.012310 0.008000
0.508201 2427.218389 -0.011083 0.008000
0.508655 2548.862823 -0.009438 0.008000
0.508980 2626.916205 -0.007826 0.008000
0.509201 2682.444834 -0.006261 0.008000
0.509335 2719.787093 -0.004863 0.008000
0.509403 2740.956076 -0.003667 0.008000
0.509435 2754.407211 -0.002668 0.008000
0.509474 2765.826776 -0.001876 0.008000
0.509558 2771.606213 -0.001326 0.008000
0.509664 2809.372780 -0.000775 0.008000
0.509816 2855.716241 -0.000433 0.008000
0.509960 2892.663084 -0.000211 0.008000
0.510181 2926.792041 -0.000089 0.008000
0.510454 2968.106168 -0.000028 0.008000
0.510781 2996.082441 -0.000002 0.008000
0.511157 2996.368743 0.000008 0.008000
0.511574 2967.542644 0.000011 0.008000
0.512026 2905.399162 0.000011 0.008000
0.512505 2808.457336 0.000011 0.008000
0.513000 2695.001896 0.000011 0.008000
0.513500 2585.521343 0.000011 0.008000
0.514000 2491.009181 0.000011 0.008000
0.514500 2411.639310 0.000011 0.008000
0.515000 2342.676823 0.000011 0.008000
0.515500 2283.288011 0.000010 0.008000
0.516000 2230.669658 0.000010 0.008000
0.516500 2186.212048 0.000010 0.008000
0.517000 2149.618398 0.000010 0.008000
0.517500 2117.653333 0.000010 0.008000
0.518000 2089.968421 0.000010 0.008000
0.518500 2066.341034 0.000010 0.008000
0.519000 2046.736413 0.000010 0.008000
0.519500 2031.136593 0.000010 0.008000
0.520000 2019.457870 0.000010 0.008000
0.520500 2011.255971 0.000010 0.008000
0.521000 2005.904562 0.000010 0.008000
0.521500 2002.757293 0.000010 0.008000
0.522000 2001.158408 0.000010 0.008000
0.522500 2000.469353 0.000010 0.008000
0.523000 2000.181268 0.000010 0.008000
0.523500 2000.061656 0.000010 0.008000
0.524000 2000.016678 0.000010 0.008000
0.524500 2000.002641 0.000010 0.008000
0.525000 1999.999333 0.000010 0.008000
0.525500 1999.998780 0.000010 0.008000
0.526000 1999.998661 0.000010 0.008000
0.526500 1999.998613 0.000010 0.008000
0.527000 1999.998624 0.000010 0.008000
0.527500 1999.998679 0.000010 0.008000
0.528000 1999.998765 0.000010 0.008000
0.528500 1999.998873 0.000010 0.008000
0.529000 1999.998992 0.000010 0.008000
0.529500 1999.999115 0.000010 0.008000
0.530000 1999.999237 0.000010 0.008000
0.530500 1999.999353 0.000010 0.008000
0.531000 1999.999460 0.000010 0.008000
0.531500 1999.999557 0.000010 0.008000
0.532000 1999.999642 0.000010 0.008000
0.532500 1999.999714 0.000010 0.008000
0.533000 1999.999776 0.000010 0.008000
0.533500 1999.999826 0.000010 0.008000
0.534000 1999.999867 0.000010 0.008000
0.534500 1999.999900 0.000010 0.008000
0.535000 1999.999926 0.000010 0.008000
0.535500 1999.999946 0.000010 0.008000
0.536000 1999.999961 0.000010 0.008000
0.536500 1999.999972 0.000010 0.008000
0.537000 1999.999980 0.000010 0.008000
0.537500 1999.999987 0.000010 0.008000
0.538000 1999.999991 0.000010 0.008000
0.538500 1999.999994 0.000010 0.008000
0.539000 1999.999996 0.000010 0.008000
0.539500 1999.999997 0.000010 0.008000
0.540000 1999.999998 0.000010 0.008000
0.540500 1999.999999 0.000010 0.008000
0.541000 1999.999999 0.000010 0.008000
0.541500 2000.000000 0.000010 0.008000
0.542000 2000.000000 0.000010 0.008000
0.542500 2000.000000 0.000010 0.008000
0.543000 2000.000000 0.000010 0.008000
0.543500 2000.000000 0.000010 0.008000
0.544000 2000.000000 0.000010 0.008000
0.544500 2000.000000 0.000010 0.008000
0.545000 2000.000000 0.000010 0.008000
0.545500 2000.000000 0.000010 0.008000
0.546000 2000.000000 0.000010 0.008000
0.546500 2000.000000 0.000010 0.008000
0.547000 2000.000000 0.000010 0.008000
0.547500 2000.000000 0.000010 0.008000
0.548000 2000.000000 0.000010 0.008000
0.548500 2000.000000 0.000010 0.008000
0.549000 2000.000000 0.000010 0.008000
0.549500 2000.000000 0.000010 0.008000
0.550000 2000.000000 0.000010 0.008000
0.550500 2000.000000 0.000010 0.008000
0.551000 2000.000000 0.000010 0.008000
0.551500 2000.000000 0.000010 0.008000
0.552000 2000.000000 0.000010 0.008000
0.552500 2000.000000 0.000010 0.008000
0.553000 2000.000000 0.000010 0.008000
0.553500 2000.000000 0.000010 0.008000
0.554000 2000.000000 0.000010 0.008000
0.554500 2000.000000 0.000010 0.008000
0.555000 2000.000000 0.000010 0.008000
0.555500 2000.000000 0.000010 0.008000
0.556000 2000.000000 0.000010 0.008000
0.556500 2000.000000 0.000010 0.008000
0.557000 2000.000000 0.000010 0.008000
0.557500 2000.000000 0.000010 0.008000
0.558000 2000.000000 0.000010 0.008000
0.558500 2000.000000 0.000010 0.008000
0.559000 2000.000000 0.000010 0.008000
0.559500 2000.000000 0.000010 0.008000
0.560000 2000.000000 0.000010 0.008000
0.560500 2000.000000 0.000010 0.008000
0.561000 2000.000000 0.000010 0.008000
0.561500 2000.000000 0.000010 0.008000
0.562000 2000.000000 0.000010 0.008000
0.562500 2000.000000 0.000010 0.008000
0.563000 2000.000000 0.000010 0.008000
0.563500 2000.000000 0.000010 0.008000
0.564000 2000.000000 0.000010 0.008000
0.564500 2000.000000 0.000010 0.008000
0.565000 2000.000000 0.000010 0.008000
0.565500 2000.000000 0.000010 0.008000
0.566000 2000.000000 0.000010 0.008000
0.566500 2000.000000 0.000010 0.008000
0.567000 2000.000000 0.000010 0.008000
0.567500 2000.000000 0.000010 0.008000
0.568000 2000.000000 0.000010 0.008000
0.568500 2000.000000 0.000010 0.008000
0.569000 2000.000000 0.000010 0.008000
0.569500 2000.000000 0.000010 0.008000
0.570000 2000.000000 0.000010 0.008000
0.570500 2000.000000 0.000010 0.008000
0.571000 2000.000000 0.000010 0.008000
0.571500 2000.000000 0.000010 0.008000
0.572000 2000.000000 0.000010 0.008000
0.572500 2000.000000 0.000010 0.008000
0.573000 2000.000000 0.000010 0.008000
0.573500 2000.000000 0.000010 0.008000
0.574000 2000.000000 0.000010 0.008000
0.574500 2000.000000 0.000010 0.008000
0.575000 2000.000000 0.000010 0.008000
0.575500 2000.000000 0.000010 0.008000
0.576000 2000.000000 0.000010 0.008000
0.576500 2000.000000 0.000010 0.008000
0.577000 2000.000000 0.000010 0.008000
0.577500 2000.000000 0.000010 0.008000
0.578000 2000.000000 0.000010 0.008000
0.578500 2000.000000 0.000010 0.008000
0.579000 2000.000000 0.000010 0.008000
0.579500 2000.000000 0.000010 0.008000
0.580000 2000.000000 0.000010 0.008000
0.580500 2000.000000 0.000010 0.008000
0.581000 2000.000000 0.000010 0.008000
0.581500 2000.000000 0.000010 0.008000
0.582000 2000.000000 0.000010 0.008000
0.582500 2000.000000 0.000010 0.008000
0.583000 2000.000000 0.000010 0.008000
0.583500 2000.000000 0.000010 0.008000
0.584000 2000.000000 0.000010 0.008000
0.584500 2000.000000 0.000010 0.008000
0.585000 2000.000000 0.000010 0.008000
0.585500 2000.000000 0.000010 0.008000
0.586000 2000.000000 0.000010 0.008000
0.586500 2000.000000 0.000010 0.008000
0.587000 2000.000000 0.000010 0.008000
0.587500 2000.000000 0.000010 0.008000
0.588000 2000.000000 0.000010 0.008000
0.588500 2000.000000 0.000010 0.008000
0.589000 2000.000000 0.000010 0.008000
0.589500 2000.000000 0.000010 0.008000
0.590000 2000.000000 0.000010 0.008000
0.590500 2000.000000 0.000010 0.008000
0.591000 2000.000000 0.000010 0.008000
0.591500 2000.000000 0.000010 0.008000
0.592000 2000.000000 0.000010 0.008000
0.592500 2000.000000 0.000010 0.008000
0.593000 2000.000000 0.000010 0.008000
0.593500 2000.000000 0.000010 0.008000
0.594000 2000.000000 0.000010 0.008000
0.594500 2000.000000 0.000010 0.008000
0.595000 2000.000000 0.000010 0.008000
0.595500 2000.000000 0.000010 0.008000
0.596000 2000.000000 0.000010 0.008000
0.596500 2000.000000 0.000010 0.008000
0.597000 2000.000000 0.000010 0.008000
0.597500 2000.000000 0.000010 0.008000
0.598000 2000.000000 0.000010 0.008000
0.598500 2000.000000 0.000010 0.008000
0.599000 2000.000000 0.000010 0.008000
0.599500 2000.000000 0.000010 0.008000
0.600000 2000.000000 0.000010 0.008000
0.600500 2000.000000 0.000010 0.008000
0.601000 2000.000000 0.000010 0.008000
0.601500 2000.000000 0.000010 0.008000
0.602000 2000.000000 0.000010 0.008000
0.602500 2000.000000 0.000010 0.008000
0.603000 2000.000000 0.000010 0.008000
0.603500 2000.000000 0.000010 0.008000
0.604000 2000.000000 0.000010 0.008000
0.604500 2000.000000 0.000010 0.008000
0.605000 2000.000000 0.000010 0.008000
0.605500 2000.000000 0.000010 0.008000
0.606000 2000.000000 0.000010 0.008000
0.606500 2000.000000 0.000010 0.008000
0.607000 2000.000000 0.000010 0.008000
0.607500 2000.000000 0.000010 0.008000
0.608000 2000.000000 0.000010 0.008000
0.608500 2000.000000 0.000010 0.008000
0.609000 2000.000000 0.000010 0.008000
0.609500 2000.000000 0.000010 0.008000
0.610000 2000.000000 0.000010 0.008000
0.610500 2000.000000 0.000010 0.008000
0.611000 2000.000000 0.000010 0.008000
0.611500 2000.000000 0.000010 0.008000
0.612000 2000.000000 0.000010 0.008000
0.612500 2000.000000 0.000010 0.008000
0.613000 2000.000000 0.000010 0.008000
0.613500 2000.000000 0.000010 0.008000
0.614000 2000.000000 0.000010 0.008000
0.614500 2000.000000 0.000010 0.008000
0.615000 2000.000000 0.000010 0.008000
0.615500 2000.000000 0.000010 0.008000
0.616000 2000.000000 0.000010 0.008000
0.616500 2000.000000 0.000010 0.008000
0.617000 2000.000000 0.000010 0.008000
0.617500 2000.000000 0.000010 0.008000
0.618000 2000.000000 0.000010 0.008000
0.618500 2000.000000 0.000010 0.008000
0.619000 2000.000000 0.000010 0.008000
0.619500 2000.000000 0.000010 0.008000
0.620000 2000.000000 0.000010 0.008000
0.620500 2000.000000 0.000010 0.008000
0.621000 2000.000000 0.000010 0.008000
0.621500 2000.000000 0.000010 0.008000
0.622000 2000.000000 0.000010 0.008000
0.622500 2000.000000 0.000010 0.008000
0.623000 2000.000000 0.000010 0.008000
0.623500 2000.000000 0.000010 0.008000
0.624000 2000.000000 0.000010 0.008000
0.624500 2000.000000 0.000010 0.008000
0.625000 2000.000000 0.000010 0.008000
0.625500 2000.000000 0.000010 0.008000
0.626000 2000.000000 0.000010 0.008000
0.626500 2000.000000 0.000010 0.008000
0.627000 2000.000000 0.000010 0.008000
0.627500 2000.000000 0.000010 0.008000
0.628000 2000.000000 0.000010 0.008000
0.628500 2000.000000 0.000010 0.008000
0.629000 2000.000000 0.000010 0.008000
0.629500 2000.000000 0.000010 0.008000
0.630000 2000.000000 0.000010 0.008000
0.630500 2000.000000 0.000010 0.008000
0.631000 2000.000000 0.000010 0.008000
0.631500 2000.000000 0.000010 0.008000
0.632000 2000.000000 0.000010 0.008000
0.632500 2000.000000 0.000010 0.008000
0.633000 2000.000000 0.000010 0.008000
0.633500 2000.000000 0.000010 0.008000
0.634000 2000.000000 0.000010 0.008000
0.634500 2000.000000 0.000010 0.008000
0.635000 2000.000000 0.000010 0.008000
0.635500 2000.000000 0.000010 0.008000
0.636000 2000.000000 0.000010 0.008000
0.636500 2000.000000 0.000010 0.008000
0.637000 2000.000000 0.000010 0.008000
0.637500 2000.000000 0.000010 0.008000
0.638000 2000.000000 0.000010 0.008000
0.638500 2000.000000 0.000010 0.008000
0.639000 2000.000000 0.000010 0.008000
0.639500 2000.000000 0.000010 0.008000
0.640000 2000.000000 0.000010 0.008000
0.640500 2000.000000 0.000010 0.008000
0.641000 2000.000000 0.000010 0.008000
0.641500 2000.000000 0.000010 0.008000
0.642000 2000.000000 0.000010 0.008000
0.642500 2000.000000 0.000010 0.008000
0.643000 2000.000000 0.000010 0.008000
0.643500 2000.000000 0.000010 0.008000
0.644000 2000.000000 0.000010 0.008000
0.644500 2000.000000 0.000010 0.008000
0.645000 2000.000000 0.000010 0.008000
0.645500 2000.000000 0.000010 0.008000
0.646000 2000.000000 0.000010 0.008000
0.646500 2000.000000 0.000010 0.008000
0.647000 2000.000000 0.000010 0.008000
0.647500 2000.000000 0.000010 0.008000
0.648000 2000.000000 0.000010 0.008000
0.648500 2000.000000 0.000010 0.008000
0.649000 2000.000000 0.000010 0.008000
0.649500 2000.000000 0.000010 0.008000
0.650000 2000.000000 0.000010 0.008000
0.650500 2000.000000 0.000010 0.008000
0.651000 2000.000000 0.000010 0.008000
0.651500 2000.000000 0.000010 0.008000
0.652000 2000.000000 0.000010 0.008000
0.652500 2000.000000 0.000010 0.008000
0.653000 2000.000000 0.000010 0.008000
0.653500 2000.000000 0.000010 0.008000
0.654000 2000.000000 0.000010 0.008000
0.654500 2000.000000 0.000010 0.008000
0.655000 2000.000000 0.000010 0.008000
0.655500 2000.000000 0.000010 0.008000
0.656000 2000.000000 0.000010 0.008000
0.656500 2000.000000 0.000010 0.008000
0.657000 2000.000000 0.000010 0.008000
0.657500 2000.000000 0.000010 0.008000
0.658000 2000.000000 0.000010 0.008000
0.658500 2000.000000 0.000010 0.008000
0.659000 2000.000000 0.000010 0.008000
0.659500 2000.000000 0.000010 0.008000
0.660000 2000.000000 0.000010 0.008000
0.660500 2000.000000 0.000010 0.008000
0.661000 2000.000000 0.000010 0.008000
0.661500 2000.000000 0.000010 0.008000
0.662000 2000.000000 0.000010 0.008000
0.662500 2000.000000 0.000010 0.008000
0.663000 2000.000000 0.000010 0.008000
0.663500 2000.000000 0.000010 0.008000
0.664000 2000.000000 0.000010 0.008000
0.664500 2000.000000 0.000010 0.008000
0.665000 2000.000000 0.000010 0.008000
0.665500 2000.000000 0.000010 0.008000
0.666000 2000.000000 0.000010 0.008000
0.666500 2000.000000 0.000010 0.008000
0.667000 2000.000000 0.000010 0.008000
0.667500 2000.000000 0.000010 0.008000
0.668000 2000.000000 0.000010 0.008000
0.668500 2000.000000 0.000010 0.008000
0.669000 2000.000000 0.000010 0.008000
0.669500 2000.000000 0.000010 0.008000
0.670000 2000.000000 0.000010 0.008000
0.670500 2000.000000 0.000010 0.008000
0.671000 2000.000000 0.000010 0.008000
0.671500 2000.000000 0.000010 0.008000
0.672000 2000.000000 0.000010 0.008000
0.672500 2000.000000 0.000010 0.008000
0.673000 2000.000000 0.000010 0.008000
0.673500 2000.000000 0.000010 0.008000
0.674000 2000.000000 0.000010 0.008000
0.674500 2000.000000 0.000010 0.008000
0.675000 2000.000000 0.000010 0.008000
0.675500 2000.000000 0.000010 0.008000
0.676000 2000.000000 0.000010 0.008000
0.676500 2000.000000 0.000010 0.008000
0.677000 2000.000000 0.000010 0.008000
0.677500 2000.000000 0.000010 0.008000
0.678000 2000.000000 0.000010 0.008000
0.678500 2000.000000 0.000010 0.008000
0.679000 2000.000000 0.000010 0.008000
0.679500 2000.000000 0.000010 0.008000
0.680000 2000.000000 0.000010 0.008000
0.680500 2000.000000 0.000010 0.008000
0.681000 2000.000000 0.000010 0.008000
0.681500 2000.000000 0.000010 0.008000
0.682000 2000.000000 0.000010 0.008000
0.682500 2000.000000 0.000010 0.008000
0.683000 2000.000000 0.000010 0.008000
0.683500 2000.000000 0.000010 0.008000
0.684000 2000.000000 0.000010 0.008000
0.684500 2000.000000 0.000010 0.008000
0.685000 2000.000000 0.000010 0.008000
0.685500 2000.000000 0.000010 0.008000
0.686000 2000.000000 0.000010 0.008000
0.686500 2000.000000 0.000010 0.008000
0.687000 2000.000000 0.000010 0.008000
0.687500 2000.000000 0.000010 0.008000
0.688000 2000.000000 0.000010 0.008000
0.688500 2000.000000 0.000010 0.008000
0.689000 2000.000000 0.000010 0.008000
0.689500 2000.000000 0.000010 0.008000
0.690000 2000.000000 0.000010 0.008000
0.690500 2000.000000 0.000010 0.008000
0.691000 2000.000000 0.000010 0.008000
0.691500 2000.000000 0.000010 0.008000
0.692000 2000.000000 0.000010 0.008000
0.692500 2000.000000 0.000010 0.008000
0.693000 2000.000000 0.000010 0.008000
0.693500 2000.000000 0.000010 0.008000
0.694000 2000.000000 0.000010 0.008000
0.694500 2000.000000 0.000010 0.008000
0.695000 2000.000000 0.000010 0.008000
0.695500 2000.000000 0.000010 0.008000
0.696000 2000.000000 0.000010 0.008000
0.696500 2000.000000 0.000010 0.008000
0.697000 2000.000000 0.000010 0.008000
0.697500 2000.000000 0.000010 0.008000
0.698000 2000.000000 0.000010 0.008000
0.698500 2000.000000 0.000010 0.008000
0.699000 2000.000000 0.000010 0.008000
0.699500 2000.000000 0.000010 0.008000
0.700000 2000.000000 0.000010 0.008000
0.700500 2000.000000 0.000010 0.008000
0.701000 2000.000000 0.000010 0.008000
0.701500 2000.000000 0.000010 0.008000
0.702000 2000.000000 0.000010 0.008000
0.702500 2000.000000 0.000010 0.008000
0.703000 2000.000000 0.000010 0.008000
0.703500 2000.000000 0.000010 0.008000
0.704000 2000.000000 0.000010 0.008000
0.704500 2000.000000 0.000010 0.008000
0.705000 2000.000000 0.000010 0.008000
0.705500 2000.000000 0.000010 0.008000
0.706000 2000.000000 0.000010 0.008000
0.706500 2000.000000 0.000010 0.008000
0.707000 2000.000000 0.000010 0.008000
0.707500 2000.000000 0.000010 0.008000
0.708000 2000.000000 0.000010 0.008000
0.708500 2000.000000 0.000010 0.008000
0.709000 2000.000000 0.000010 0.008000
0.709500 2000.000000 0.000010 0.008000
0.710000 2000.000000 0.000010 0.008000
0.710500 2000.000000 0.000010 0.008000
0.711000 2000.000000 0.000010 0.008000
0.711500 2000.000000 0.000010 0.008000
0.712000 2000.000000 0.000010 0.008000
0.712500 2000.000000 0.000010 0.008000
0.713000 2000.000000 0.000010 0.008000
0.713500 2000.000000 0.000010 0.008000
0.714000 2000.000000 0.000010 0.008000
0.714500 2000.000000 0.000010 0.008000
0.715000 2000.000000 0.000010 0.008000
0.715500 2000.000000 0.000010 0.008000
0.716000 2000.000000 0.000010 0.008000
0.716500 2000.000000 0.000010 0.008000
0.717000 2000.000000 0.000010 0.008000
0.717500 2000.000000 0.000010 0.008000
0.718000 2000.000000 0.000010 0.008000
0.718500 2000.000000 0.000010 0.008000
0.719000 2000.000000 0.000010 0.008000
0.719500 2000.000000 0.000010 0.008000
0.720000 2000.000000 0.000010 0.008000
0.720500 2000.000000 0.000010 0.008000
0.721000 2000.000000 0.000010 0.008000
0.721500 2000.000000 0.000010 0.008000
0.722000 2000.000000 0.000010 0.008000
0.722500 2000.000000 0.000010 0.008000
0.723000 2000.000000 0.000010 0.008000
0.723500 2000.000000 0.000010 0.008000
0.724000 2000.000000 0.000010 0.008000
0.724500 2000.000000 0.000010 0.008000
0.725000 2000.000000 0.000010 0.008000
0.725500 2000.000000 0.000010 0.008000
0.726000 2000.000000 0.000010 0.008000
0.726500 2000.000000 0.000010 0.008000
0.727000 2000.000000 0.000010 0.008000
0.727500 2000.000000 0.000010 0.008000
0.728000 2000.000000 0.000010 0.008000
0.728500 2000.000000 0.000010 0.008000
0.729000 2000.000000 0.000010 0.008000
0.729500 2000.000000 0.000010 0.008000
0.730000 2000.000000 0.000010 0.008000
0.730500 2000.000000 0.000010 0.008000
0.731000 2000.000000 0.000010 0.008000
0.731500 2000.000000 0.000010 0.008000
0.732000 2000.000000 0.000010 0.008000
0.732500 2000.000000 0.000010 0.008000
0.733000 2000.000000 0.000010 0.008000
0.733500 2000.000000 0.000010 0.008000
0.734000 2000.000000 0.000010 0.008000
0.734500 2000.000000 0.000010 0.008000
0.735000 2000.000000 0.000010 0.008000
0.735500 2000.000000 0.000010 0.008000
0.736000 2000.000000 0.000010 0.008000
0.736500 2000.000000 0.000010 0.008000
0.737000 2000.000000 0.000010 0.008000
0.737500 2000.000000 0.000010 0.008000
0.738000 2000.000000 0.000010 0.008000
0.738500 2000.000000 0.000010 0.008000
0.739000 2000.000000 0.000010 0.008000
0.739500 2000.000000 0.000010 0.008000
0.740000 2000.000000 0.000010 0.008000
0.740500 2000.000000 0.000010 0.008000
0.741000 2000.000000 0.000010 0.008000
0.741500 2000.000000 0.000010 0.008000
0.742000 2000.000000 0.000010 0.008000
0.742500 2000.000000 0.000010 0.008000
0.743000 2000.000000 0.000010 0.008000
0.743500 2000.000000 0.000010 0.008000
0.744000 2000.000000 0.000010 0.008000
0.744500 2000.000000 0.000010 0.008000
0.745000 2000.000000 0.000010 0.008000
0.745500 2000.000000 0.000010 0.008000
0.746000 2000.000000 0.000010 0.008000
0.746500 2000.000000 0.000010 0.008000
0.747000 2000.000000 0.000010 0.008000
0.747500 2000.000000 0.000010 0.008000
0.748000 2000.000000 0.000010 0.008000
0.748500 2000.000000 0.000010 0.008000
0.749000 2000.000000 0.000010 0.008000
0.749500 2000.000000 0.000010 0.008000
0.750000 2000.000000 0.000010 0.008000
0.750500 2000.000000 0.000010 0.008000
0.751000 2000.000000 0.000010 0.008000
0.751500 2000.000000 0.000010 0.008000
0.752000 2000.000000 0.000010 0.008000
0.752500 2000.000000 0.000010 0.008000
0.753000 2000.000000 0.000010 0.008000
0.753500 2000.000000 0.000010 0.008000
0.754000 2000.000000 0.000010 0.008000
0.754500 2000.000000 0.000010 0.008000
0.755000 2000.000000 0.000010 0.008000
0.755500 2000.000000 0.000010 0.008000
0.756000 2000.000000 0.000010 0.008000
0.756500 2000.000000 0.000010 0.008000
0.757000 2000.000000 0.000010 0.008000
0.757500 2000.000000 0.000010 0.008000
0.758000 2000.000000 0.000010 0.008000
0.758500 2000.000000 0.000010 0.008000
0.759000 2000.000000 0.000010 0.008000
0.759500 2000.000000 0.000010 0.008000
0.760000 2000.000000 0.000010 0.008000
0.760500 2000.000000 0.000010 0.008000
0.761000 2000.000000 0.000010 0.008000
0.761500 2000.000000 0.000010 0.008000
0.762000 2000.000000 0.000010 0.008000
0.762500 2000.000000 0.000010 0.008000
0.763000 2000.000000 0.000010 0.008000
0.763500 2000.000000 0.000010 0.008000
0.764000 2000.000000 0.000010 0.008000
0.764500 2000.000000 0.000010 0.008000
0.765000 2000.000000 0.000010 0.008000
0.765500 2000.000000 0.000010 0.008000
0.766000 2000.000000 0.000010 0.008000
0.766500 2000.000000 0.000010 0.008000
0.767000 2000.000000 0.000010 0.008000
0.767500 2000.000000 0.000010 0.008000
0.768000 2000.000000 0.000010 0.008000
0.768500 2000.000000 0.000010 0.008000
0.769000 2000.000000 0.000010 0.008000
0.769500 2000.000000 0.000010 0.008000
0.770000 2000.000000 0.000010 0.008000
0.770500 2000.000000 0.000010 0.008000
0.771000 2000.000000 0.000010 0.008000
0.771500 2000.000000 0.000010 0.008000
0.772000 2000.000000 0.000010 0.008000
0.772500 2000.000000 0.000010 0.008000
0.773000 2000.000000 0.000010 0.008000
0.773500 2000.000000 0.000010 0.008000
0.774000 2000.000000 0.000010 0.008000
0.774500 2000.000000 0.000010 0.008000
0.775000 2000.000000 0.000010 0.008000
0.775500 2000.000000 0.000010 0.008000
0.776000 2000.000000 0.000010 0.008000
0.776500 2000.000000 0.000010 0.008000
0.777000 2000.000000 0.000010 0.008000
0.777500 2000.000000 0.000010 0.008000
0.778000 2000.000000 0.000010 0.008000
0.778500 2000.000000 0.000010 0.008000
0.779000 2000.000000 0.000010 0.008000
0.779500 2000.000000 0.000010 0.008000
0.780000 2000.000000 0.000010 0.008000
0.780500 2000.000000 0.000010 0.008000
0.781000 2000.000000 0.000010 0.008000
0.781500 2000.000000 0.000010 0.008000
0.782000 2000.000000 0.000010 0.008000
0.782500 2000.000000 0.000010 0.008000
0.783000 2000.000000 0.000010 0.008000
0.783500 2000.000000 0.000010 0.008000
0.784000 2000.000000 0.000010 0.008000
0.784500 2000.000000 0.000010 0.008000
0.785000 2000.000000 0.000010 0.008000
0.785500 2000.000000 0.000010 0.008000
0.786000 2000.000000 0.000010 0.008000
0.786500 2000.000000 0.000010 0.008000
0.787000 2000.000000 0.000010 0.008000
0.787500 2000.000000 0.000010 0.008000
0.788000 2000.000000 0.000010 0.008000
0.788500 2000.000000 0.000010 0.008000
0.789000 2000.000000 0.000010 0.008000
0.789500 2000.000000 0.000010 0.008000
0.790000 2000.000000 0.000010 0.008000
0.790500 2000.000000 0.000010 0.008000
0.791000 2000.000000 0.000010 0.008000
0.791500 2000.000000 0.000010 0.008000
0.792000 2000.000000 0.000010 0.008000
0.792500 2000.000000 0.000010 0.008000
0.793000 2000.000000 0.000010 0.008000
0.793500 2000.000000 0.000010 0.008000
0.794000 2000.000000 0.000010 0.008000
0.794500 2000.000000 0.000010 0.008000
0.795000 2000.000000 0.000010 0.008000
0.795500 2000.000000 0.000010 0.008000
0.796000 2000.000000 0.000010 0.008000
0.796500 2000.000000 0.000010 0.008000
0.797000 2000.000000 0.000010 0.008000
0.797500 2000.000000 0.000010 0.008000
0.798000 2000.000000 0.000010 0.008000
0.798500 2000.000000 0.000010 0.008000
0.799000 2000.000000 0.000010 0.008000
0.799500 2000.000000 0.000010 0.008000
0.800000 2000.000000 0.000010 0.008000
0.800500 2000.000000 0.000010 0.008000
0.801000 2000.000000 0.000010 0.008000
0.801500 2000.000000 0.000010 0.008000
0.802000 2000.000000 0.000010 0.008000
0.802500 2000.000000 0.000010 0.008000
0.803000 2000.000000 0.000010 0.008000
0.803500 2000.000000 0.000010 0.008000
0.804000 2000.000000 0.000010 0.008000
0.804500 2000.000000 0.000010 0.008000
0.805000 2000.000000 0.000010 0.008000
0.805500 2000.000000 0.000010 0.008000
0.806000 2000.000000 0.000010 0.008000
0.806500 2000.000000 0.000010 0.008000
0.807000 2000.000000 0.000010 0.008000
0.807500 2000.000000 0.000010 0.008000
0.808000 2000.000000 0.000010 0.008000
0.808500 2000.000000 0.000010 0.008000
0.809000 2000.000000 0.000010 0.008000
0.809500 2000.000000 0.000010 0.008000
0.810000 2000.000000 0.000010 0.008000
0.810500 2000.000000 0.000010 0.008000
0.811000 2000.000000 0.000010 0.008000
0.811500 2000.000000 0.000010 0.008000
0.812000 2000.000000 0.000010 0.008000
0.812500 2000.000000 0.000010 0.008000
0.813000 2000.000000 0.000010 0.008000
0.813500 2000.000000 0.000010 0.008000
0.814000 2000.000000 0.000010 0.008000
0.814500 2000.000000 0.000010 0.008000
0.815000 2000.000000 0.000010 0.008000
0.815500 2000.000000 0.000010 0.008000
0.816000 2000.000000 0.000010 0.008000
0.816500 2000.000000 0.000010 0.008000
0.817000 2000.000000 0.000010 0.008000
0.817500 2000.000000 0.000010 0.008000
0.818000 2000.000000 0.000010 0.008000
0.818500 2000.000000 0.000010 0.008000
0.819000 2000.000000 0.000010 0.008000
0.819500 2000.000000 0.000010 0.008000
0.820000 2000.000000 0.000010 0.008000
0.820500 2000.000000 0.000010 0.008000
0.821000 2000.000000 0.000010 0.008000
0.821500 2000.000000 0.000010 0.008000
0.822000 2000.000000 0.000010 0.008000
0.822500 2000.000000 0.000010 0.008000
0.823000 2000.000000 0.000010 0.008000
0.823500 2000.000000 0.000010 0.008000
0.824000 2000.000000 0.000010 0.008000
0.824500 2000.000000 0.000010 0.008000
0.825000 2000.000000 0.000010 0.008000
0.825500 2000.000000 0.000010 0.008000
0.826000 2000.000000 0.000010 0.008000
0.826500 2000.000000 0.000010 0.008000
0.827000 2000.000000 0.000010 0.008000
0.827500 2000.000000 0.000010 0.008000
0.828000 2000.000000 0.000010 0.008000
0.828500 2000.000000 0.000010 0.008000
0.829000 2000.000000 0.000010 0.008000
0.829500 2000.000000 0.000010 0.008000
0.830000 2000.000000 0.000010 0.008000
0.830500 2000.000000 0.000010 0.008000
0.831000 2000.000000 0.000010 0.008000
0.831500 2000.000000 0.000010 0.008000
0.832000 2000.000000 0.000010 0.008000
0.832500 2000.000000 0.000010 0.008000
0.833000 2000.000000 0.000010 0.008000
0.833500 2000.000000 0.000010 0.008000
0.834000 2000.000000 0.000010 0.008000
0.834500 2000.000000 0.000010 0.008000
0.835000 2000.000000 0.000010 0.008000
0.835500 2000.000000 0.000010 0.008000
0.836000 2000.000000 0.000010 0.008000
0.836500 2000.000000 0.000010 0.008000
0.837000 2000.000000 0.000010 0.008000
0.837500 2000.000000 0.000010 0.008000
0.838000 2000.000000 0.000010 0.008000
0.838500 2000.000000 0.000010 0.008000
0.839000 2000.000000 0.000010 0.008000
0.839500 2000.000000 0.000010 0.008000
0.840000 2000.000000 0.000010 0.008000
0.840500 2000.000000 0.000010 0.008000
0.841000 2000.000000 0.000010 0.008000
0.841500 2000.000000 0.000010 0.008000
0.842000 2000.000000 0.000010 0.008000
0.842500 2000.000000 0.000010 0.008000
0.843000 2000.000000 0.000010 0.008000
0.843500 2000.000000 0.000010 0.008000
0.844000 2000.000000 0.000010 0.008000
0.844500 2000.000000 0.000010 0.008000
0.845000 2000.000000 0.000010 0.008000
0.845500 2000.000000 0.000010 0.008000
0.846000 2000.000000 0.000010 0.008000
0.846500 2000.000000 0.000010 0.008000
0.847000 2000.000000 0.000010 0.008000
0.847500 2000.000000 0.000010 0.008000
0.848000 2000.000000 0.000010 0.008000
0.848500 2000.000000 0.000010 0.008000
0.849000 2000.000000 0.000010 0.008000
0.849500 2000.000000 0.000010 0.008000
0.850000 2000.000000 0.000010 0.008000
0.850500 2000.000000 0.000010 0.008000
0.851000 2000.000000 0.000010 0.008000
0.851500 2000.000000 0.000010 0.008000
0.852000 2000.000000 0.000010 0.008000
0.852500 2000.000000 0.000010 0.008000
0.853000 2000.000000 0.000010 0.008000
0.853500 2000.000000 0.000010 0.008000
0.854000 2000.000000 0.000010 0.008000
0.854500 2000.000000 0.000010 0.008000
0.855000 2000.000000 0.000010 0.008000
0.855500 2000.000000 0.000010 0.008000
0.856000 2000.000000 0.000010 0.008000
0.856500 2000.000000 0.000010 0.008000
0.857000 2000.000000 0.000010 0.008000
0.857500 2000.000000 0.000010 0.008000
0.858000 2000.000000 0.000010 0.008000
0.858500 2000.000000 0.000010 0.008000
0.859000 2000.000000 0.000010 0.008000
0.859500 2000.000000 0.000010 0.008000
0.860000 2000.000000 0.000010 0.008000
0.860500 2000.000000 0.000010 0.008000
0.861000 2000.000000 0.000010 0.008000
0.861500 2000.000000 0.000010 0.008000
0.862000 2000.000000 0.000010 0.008000
0.862500 2000.000000 0.000010 0.008000
0.863000 2000.000000 0.000010 0.008000
0.863500 2000.000000 0.000010 0.008000
0.864000 2000.000000 0.000010 0.008000
0.864500 2000.000000 0.000010 0.008000
0.865000 2000.000000 0.000010 0.008000
0.865500 2000.000000 0.000010 0.008000
0.866000 2000.000000 0.000010 0.008000
0.866500 2000.000000 0.000010 0.008000
0.867000 2000.000000 0.000010 0.008000
0.867500 2000.000000 0.000010 0.008000
0.868000 2000.000000 0.000010 0.008000
0.868500 2000.000000 0.000010 0.008000
0.869000 2000.000000 0.000010 0.008000
0.869500 2000.000000 0.000010 0.008000
0.870000 2000.000000 0.000010 0.008000
0.870500 2000.000000 0.000010 0.008000
0.871000 2000.000000 0.000010 0.008000
0.871500 2000.000000 0.000010 0.008000
0.872000 2000.000000 0.000010 0.008000
0.872500 2000.000000 0.000010 0.008000
0.873000 2000.000000 0.000010 0.008000
0.873500 2000.000000 0.000010 0.008000
0.874000 2000.000000 0.000010 0.008000
0.874500 2000.000000 0.000010 0.008000
0.875000 2000.000000 0.000010 0.008000
0.875500 2000.000000 0.000010 0.008000
0.876000 2000.000000 0.000010 0.008000
0.876500 2000.000000 0.000010 0.008000
0.877000 2000.000000 0.000010 0.008000
0.877500 2000.000000 0.000010 0.008000
0.878000 2000.000000 0.000010 0.008000
0.878500 2000.000000 0.000010 0.008000
0.879000 2000.000000 0.000010 0.008000
0.879500 2000.000000 0.000010 0.008000
0.880000 2000.000000 0.000010 0.008000
0.880500 2000.000000 0.000010 0.008000
0.881000 2000.000000 0.000010 0.008000
0.881500 2000.000000 0.000010 0.008000
0.882000 2000.000000 0.000010 0.008000
0.882500 2000.000000 0.000010 0.008000
0.883000 2000.000000 0.000010 0.008000
0.883500 2000.000000 0.000010 0.008000
0.884000 2000.000000 0.000010 0.008000
0.884500 2000.000000 0.000010 0.008000
0.885000 2000.000000 0.000010 0.008000
0.885500 2000.000000 0.000010 0.008000
0.886000 2000.000000 0.000010 0.008000
0.886500 2000.000000 0.000010 0.008000
0.887000 2000.000000 0.000010 0.008000
0.887500 2000.000000 0.000010 0.008000
0.888000 2000.000000 0.000010 0.008000
0.888500 2000.000000 0.000010 0.008000
0.889000 2000.000000 0.000010 0.008000
0.889500 2000.000000 0.000010 0.008000
0.890000 2000.000000 0.000010 0.008000
0.890500 2000.000000 0.000010 0.008000
0.891000 2000.000000 0.000010 0.008000
0.891500 2000.000000 0.000010 0.008000
0.892000 2000.000000 0.000010 0.008000
0.892500 2000.000000 0.000010 0.008000
0.893000 2000.000000 0.000010 0.008000
0.893500 2000.000000 0.000010 0.008000
0.894000 2000.000000 0.000010 0.008000
0.894500 2000.000000 0.000010 0.008000
0.895000 2000.000000 0.000010 0.008000
0.895500 2000.000000 0.000010 0.008000
0.896000 2000.000000 0.000010 0.008000
0.896500 2000.000000 0.000010 0.008000
0.897000 2000.000000 0.000010 0.008000
0.897500 2000.000000 0.000010 0.008000
0.898000 2000.000000 0.000010 0.008000
0.898500 2000.000000 0.000010 0.008000
0.899000 2000.000000 0.000010 0.008000
0.899500 2000.000000 0.000010 0.008000
0.900000 2000.000000 0.000010 0.008000
0.900500 2000.000000 0.000010 0.008000
0.901000 2000.000000 0.000010 0.008000
0.901500 2000.000000 0.000010 0.008000
0.902000 2000.000000 0.000010 0.008000
0.902500 2000.000000 0.000010 0.008000
0.903000 2000.000000 0.000010 0.008000
0.903500 2000.000000 0.000010 0.008000
0.904000 2000.000000 0.000010 0.008000
0.904500 2000.000000 0.000010 0.008000
0.905000 2000.000000 0.000010 0.008000
0.905500 2000.000000 0.000010 0.008000
0.906000 2000.000000 0.000010 0.008000
0.906500 2000.000000 0.000010 0.008000
0.907000 2000.000000 0.000010 0.008000
0.907500 2000.000000 0.000010 0.008000
0.908000 2000.000000 0.000010 0.008000
0.908500 2000.000000 0.000010 0.008000
0.909000 2000.000000 0.000010 0.008000
0.909500 2000.000000 0.000010 0.008000
0.910000 2000.000000 0.000010 0.008000
0.910500 2000.000000 0.000010 0.008000
0.911000 2000.000000 0.000010 0.008000
0.911500 2000.000000 0.000010 0.008000
0.912000 2000.000000 0.000010 0.008000
0.912500 2000.000000 0.000010 0.008000
0.913000 2000.000000 0.000010 0.008000
0.913500 2000.000000 0.000010 0.008000
0.914000 2000.000000 0.000010 0.008000
0.914500 2000.000000 0.000010 0.008000
0.915000 2000.000000 0.000010 0.008000
0.915500 2000.000000 0.000010 0.008000
0.916000 2000.000000 0.000010 0.008000
0.916500 2000.000000 0.000010 0.008000
0.917000 2000.000000 0.000010 0.008000
0.917500 2000.000000 0.000010 0.008000
0.918000 2000.000000 0.000010 0.008000
0.918500 2000.000000 0.000010 0.008000
0.919000 2000.000000 0.000010 0.008000
0.919500 2000.000000 0.000010 0.008000
0.920000 2000.000000 0.000010 0.008000
0.920500 2000.000000 0.000010 0.008000
0.921000 2000.000000 0.000010 0.008000
0.921500 2000.000000 0.000010 0.008000
0.922000 2000.000000 0.000010 0.008000
0.922500 2000.000000 0.000010 0.008000
0.923000 2000.000000 0.000010 0.008000
0.923500 2000.000000 0.000010 0.008000
0.924000 2000.000000 0.000010 0.008000
0.924500 2000.000000 0.000010 0.008000
0.925000 2000.000000 0.000010 0.008000
0.925500 2000.000000 0.000010 0.008000
0.926000 2000.000000 0.000010 0.008000
0.926500 2000.000000 0.000010 0.008000
0.927000 2000.000000 0.000010 0.008000
0.927500 2000.000000 0.000010 0.008000
0.928000 2000.000000 0.000010 0.008000
0.928500 2000.000000 0.000010 0.008000
0.929000 2000.000000 0.000010 0.008000
0.929500 2000.000000 0.000010 0.008000
0.930000 2000.000000 0.000010 0.008000
0.930500 2000.000000 0.000010 0.008000
0.931000 2000.000000 0.000010 0.008000
0.931500 2000.000000 0.000010 0.008000
0.932000 2000.000000 0.000010 0.008000
0.932500 2000.000000 0.000010 0.008000
0.933000 2000.000000 0.000010 0.008000
0.933500 2000.000000 0.000010 0.008000
0.934000 2000.000000 0.000010 0.008000
0.934500 2000.000000 0.000010 0.008000
0.935000 2000.000000 0.000010 0.008000
0.935500 2000.000000 0.000010 0.008000
0.936000 2000.000000 0.000010 0.008000
0.936500 2000.000000 0.000010 0.008000
0.937000 2000.000000 0.000010 0.008000
0.937500 2000.000000 0.000010 0.008000
0.938000 2000.000000 0.000010 0.008000
0.938500 2000.000000 0.000010 0.008000
0.939000 2000.000000 0.000010 0.008000
0.939500 2000.000000 0.000010 0.008000
0.940000 2000.000000 0.000010 0.008000
0.940500 2000.000000 0.000010 0.008000
0.941000 2000.000000 0.000010 0.008000
0.941500 2000.000000 0.000010 0.008000
0.942000 2000.000000 0.000010 0.008000
0.942500 2000.000000 0.000010 0.008000
0.943000 2000.000000 0.000010 0.008000
0.943500 2000.000000 0.000010 0.008000
0.944000 2000.000000 0.000010 0.008000
0.944500 2000.000000 0.000010 0.008000
0.945000 2000.000000 0.000010 0.008000
0.945500 2000.000000 0.000010 0.008000
0.946000 2000.000000 0.000010 0.008000
0.946500 2000.000000 0.000010 0.008000
0.947000 2000.000000 0.000010 0.008000
0.947500 2000.000000 0.000010 0.008000
0.948000 2000.000000 0.000010 0.008000
0.948500 2000.000000 0.000010 0.008000
0.949000 2000.000000 0.000010 0.008000
0.949500 2000.000000 0.000010 0.008000
0.950000 2000.000000 0.000010 0.008000
0.950500 2000.000000 0.000010 0.008000
0.951000 2000.000000 0.000010 0.008000
0.951500 2000.000000 0.000010 0.008000
0.952000 2000.000000 0.000010 0.008000
0.952500 2000.000000 0.000010 0.008000
0.953000 2000.000000 0.000010 0.008000
0.953500 2000.000000 0.000010 0.008000
0.954000 2000.000000 0.000010 0.008000
0.954500 2000.000000 0.000010 0.008000
0.955000 2000.000000 0.000010 0.008000
0.955500 2000.000000 0.000010 0.008000
0.956000 2000.000000 0.000010 0.008000
0.956500 2000.000000 0.000010 0.008000
0.957000 2000.000000 0.000010 0.008000
0.957500 2000.000000 0.000010 0.008000
0.958000 2000.000000 0.000010 0.008000
0.958500 2000.000000 0.000010 0.008000
0.959000 2000.000000 0.000010 0.008000
0.959500 2000.000000 0.000010 0.008000
0.960000 2000.000000 0.000010 0.008000
0.960500 2000.000000 0.000010 0.008000
0.961000 2000.000000 0.000010 0.008000
0.961500 2000.000000 0.000010 0.008000
0.962000 2000.000000 0.000010 0.008000
0.962500 2000.000000 0.000010 0.008000
0.963000 2000.000000 0.000010 0.008000
0.963500 2000.000000 0.000010 0.008000
0.964000 2000.000000 0.000010 0.008000
0.964500 2000.000000 0.000010 0.008000
0.965000 2000.000000 0.000010 0.008000
0.965500 2000.000000 0.000010 0.008000
0.966000 2000.000000 0.000010 0.008000
0.966500 2000.000000 0.000010 0.008000
0.967000 2000.000000 0.000010 0.008000
0.967500 2000.000000 0.000010 0.008000
0.968000 2000.000000 0.000010 0.008000
0.968500 2000.000000 0.000010 0.008000
0.969000 2000.000000 0.000010 0.008000
0.969500 2000.000000 0.000010 0.008000
0.970000 2000.000000 0.000010 0.008000
0.970500 2000.000000 0.000010 0.008000
0.971000 2000.000000 0.000010 0.008000
0.971500 2000.000000 0.000010 0.008000
0.972000 2000.000000 0.000010 0.008000
0.972500 2000.000000 0.000010 0.008000
0.973000 2000.000000 0.000010 0.008000
0.973500 2000.000000 0.000010 0.008000
0.974000 2000.000000 0.000010 0.008000
0.974500 2000.000000 0.000010 0.008000
0.975000 2000.000000 0.000010 0.008000
0.975500 2000.000000 0.000010 0.008000
0.976000 2000.000000 0.000010 0.008000
0.976500 1999.999999 0.000010 0.008000
0.977000 1999.999997 0.000010 0.008000
0.977500 1999.999990 0.000010 0.008000
0.978000 1999.999976 0.000010 0.008000
0.978500 1999.999949 0.000010 0.008000
0.979000 1999.999901 0.000010 0.008000
0.979500 1999.999819 0.000010 0.008000
0.980000 1999.999687 0.000010 0.008000
0.980500 1999.999483 0.000010 0.008000
0.981000 1999.999179 0.000010 0.008000
0.981500 1999.998739 0.000010 0.008000
0.982000 1999.998115 0.000010 0.008000
0.982500 1999.997249 0.000010 0.008000
0.983000 1999.996073 0.000010 0.008000
0.983500 1999.994516 0.000010 0.008000
0.984000 1999.992504 0.000010 0.008000
0.984500 1999.989969 0.000010 0.008000
0.985000 1999.986850 0.000010 0.008000
0.985500 1999.983096 0.000010 0.008000
0.986000 1999.978672 0.000010 0.008000
0.986500 1999.973563 0.000010 0.008000
0.987000 1999.967778 0.000010 0.008000
0.987500 1999.961354 0.000010 0.008000
0.988000 1999.954398 0.000010 0.008000
0.988500 1999.947098 0.000010 0.008000
0.989000 1999.939688 0.000010 0.008000
0.989500 1999.932432 0.000010 0.008000
0.990000 1999.925608 0.000010 0.008000
0.990500 1999.919485 0.000010 0.008000
0.991000 1999.914301 0.000010 0.008000
0.991500 1999.910248 0.000010 0.008000
0.992000 1999.907440 0.000010 0.008000
0.992500 1999.905896 0.000010 0.008000
0.993000 1999.905512 0.000010 0.008000
0.993500 1999.906035 0.000010 0.008000
0.994000 1999.907028 0.000010 0.008000
0.994500 1999.913554 0.000010 0.008000
0.995000 1999.917308 0.000010 0.008000
0.995501 1999.920016 0.000010 0.008000
0.996001 1999.922859 0.000010 0.008000
0.996501 1999.926360 0.000010 0.008000
0.997001 1999.930602 0.000010 0.008000
0.997501 1999.935444 0.000010 0.008000
0.998001 1999.940667 0.000010 0.008000
0.998501 1999.946048 0.000010 0.008000
0.999001 1999.951400 0.000010 0.008000
0.999501 1999.956579 0.000010 0.008000
1.000001 1999.961486 0.000010 0.008000
